acc = 0.82125
eval_loss = 0.523589793369174
f1 = 0.82125
mcc = 0.7863354426751474
